000000000000000000000000000000
000110000000000000000000000000
000110000000000000000000000000
000110000000000000000001111000
000110000000000000000001111000
000111111110000000000000000000
000111111110000000000000000000
000000000000000000000000000000
000000000000000000002222222000
000000000000000000002222222000
000000000000000000000000000000
000000000000011111000000000000
000000000000011111000000000000
000000000000000000000000000000
003333330000000000000000000000
003333330000000000000000000000
000000000000000000000000000000
000000000000000000111111100000
000000000000000000111111100000
000000000000000000000001100000
000000000000000000000001100000
000000000000000000000001100000
000000000000000000000000000000
000000000000000000000000000000
000011110000000000000000000000
000011110000000000000333333000
000000000000000000000333333000
000000000000000000000000000000
000000000000000000000000000000
000000000000000000000000000000